<svg width="128" height="40" viewBox="0 0 128 40" fill="none" xmlns="http://www.w3.org/2000/svg">
<rect x="8.46973" y="8.42957" width="8.46988" height="8.42935" fill="#F46700"/>
<rect y="8.42957" width="8.46988" height="8.42935" fill="#FFAF7A"/>
<rect x="8.46973" width="8.46988" height="8.42935" fill="#FF7E29"/>
<rect x="8.46973" y="16.8593" width="8.46988" height="8.42935" fill="#FFC8A3"/>
<path d="M34.962 13.1146C34.962 13.4517 34.7813 13.6541 34.4877 13.6541H27.2827V13.699C27.2827 14.9803 27.8248 16.1492 29.6091 16.1492C31.032 16.1492 33.0422 16.0368 33.9456 15.9469C33.9682 15.9469 33.9908 15.9469 34.0134 15.9469C34.2618 15.9469 34.4425 16.0593 34.4425 16.3065V18.0149C34.4425 18.3745 34.3522 18.5319 33.9682 18.6218C32.5227 18.9815 31.303 19.1613 29.3381 19.1613C26.6051 19.1613 23.6689 17.7227 23.6689 13.3843V11.8108C23.6689 8.19178 25.792 5.89897 29.3832 5.89897C33.0873 5.89897 34.962 8.41656 34.962 11.8108V13.1146ZM31.3934 11.4062V11.3163C31.3934 9.65288 30.6255 8.82117 29.3606 8.82117C28.1184 8.82117 27.2827 9.67536 27.2827 11.3163V11.4062H31.3934Z" fill="#2F2F2F"/>
<path d="M54.0211 18.4645C54.0211 18.7117 53.8179 18.959 53.5694 18.959H50.8139C50.5655 18.959 50.3622 18.7117 50.3622 18.4645V10.5295C50.3622 9.24827 49.9782 8.88861 49.0296 8.88861H48.6005C47.4712 8.88861 47.3356 9.54049 47.3356 10.5295V18.4645C47.3356 18.7117 47.155 18.959 46.9065 18.959H44.1284C43.88 18.959 43.6767 18.7117 43.6767 18.4645V10.5295C43.6767 9.54049 43.5412 8.88861 42.4119 8.88861H41.9601C41.0115 8.88861 40.6502 9.24827 40.6502 10.5295V18.4645C40.6502 18.7117 40.4469 18.959 40.1984 18.959H37.4429C37.1945 18.959 36.9912 18.7117 36.9912 18.4645V10.5295C36.9912 7.36007 38.7981 5.89897 41.9601 5.89897H42.4119C43.7445 5.89897 44.7608 6.2811 45.5062 6.86554C46.2515 6.2811 47.2679 5.89897 48.6005 5.89897H49.0296C52.1917 5.89897 54.0211 7.36007 54.0211 10.5295V18.4645Z" fill="#2F2F2F"/>
<path d="M67.5786 13.4068C67.5786 16.9359 65.7265 19.1613 61.9095 19.1613C61.4578 19.1613 60.7124 19.0939 60.0574 19.0039V22.8927C60.0574 23.14 59.8542 23.3423 59.6057 23.3423H56.8728C56.6243 23.3423 56.3985 23.14 56.3985 22.8927V7.13529C56.3985 6.77563 56.4888 6.61828 57.0987 6.48341C58.3861 6.16871 60.1704 5.89897 61.9095 5.89897C65.5684 5.89897 67.5786 8.01195 67.5786 11.6535V13.4068ZM63.9197 13.4068V11.6535C63.9197 10.0575 63.5131 8.91109 61.9095 8.91109C61.1642 8.91109 60.4866 8.95605 60.0574 9.02348V16.0368C60.5995 16.1042 61.3674 16.1716 61.9095 16.1716C63.5131 16.1716 63.9197 14.9803 63.9197 13.4068Z" fill="#2F2F2F"/>
<path d="M75.9949 8.50648C75.9949 8.75374 75.8142 8.93357 75.3851 8.93357C74.7301 8.93357 73.8267 8.97852 73.3524 9.06844V18.4869C73.3524 18.7342 73.1491 18.959 72.9006 18.959H70.1677C69.9193 18.959 69.6934 18.7342 69.6934 18.4869V7.27016C69.6934 6.95546 69.8741 6.73067 70.3936 6.55084C71.8391 6.0788 73.2394 5.89897 75.3851 5.89897C75.6561 5.89897 75.9949 6.01136 75.9949 6.32606V8.50648Z" fill="#2F2F2F"/>
<path d="M88.6049 13.1146C88.6049 13.4517 88.4242 13.6541 88.1305 13.6541H80.9256V13.699C80.9256 14.9803 81.4676 16.1492 83.2519 16.1492C84.6749 16.1492 86.685 16.0368 87.5885 15.9469C87.6111 15.9469 87.6336 15.9469 87.6562 15.9469C87.9047 15.9469 88.0854 16.0593 88.0854 16.3065V18.0149C88.0854 18.3745 87.995 18.5319 87.6111 18.6218C86.1656 18.9815 84.9459 19.1613 82.9809 19.1613C80.248 19.1613 77.3118 17.7227 77.3118 13.3843V11.8108C77.3118 8.19178 79.4349 5.89897 83.0261 5.89897C86.7302 5.89897 88.6049 8.41656 88.6049 11.8108V13.1146ZM85.0362 11.4062V11.3163C85.0362 9.65288 84.2683 8.82117 83.0035 8.82117C81.7613 8.82117 80.9256 9.67536 80.9256 11.3163V11.4062H85.0362Z" fill="#2F2F2F"/>
<path d="M99.804 15.3849C99.804 17.4979 98.2682 19.1613 94.9706 19.1613C93.7284 19.1613 92.0118 18.9815 90.8599 18.6668C90.5889 18.5993 90.4308 18.4195 90.4308 18.1498V16.329C90.4308 16.1042 90.5889 15.9019 90.8599 15.9019C90.8825 15.9019 90.9277 15.9019 90.9503 15.9019C92.1699 16.0593 94.0672 16.2166 94.7899 16.2166C95.874 16.2166 96.1225 15.9244 96.1225 15.3399C96.1225 15.0028 95.9192 14.7555 95.2868 14.3958L92.3506 12.71C91.0858 11.9906 90.3404 10.8442 90.3404 9.38314C90.3404 7.11281 91.8537 5.89897 94.9706 5.89897C96.7549 5.89897 97.839 6.12375 98.9909 6.41597C99.262 6.48341 99.4201 6.66324 99.4201 6.93298V8.75374C99.4201 9.02348 99.2845 9.18083 99.0587 9.18083C99.0135 9.18083 98.9909 9.18083 98.9683 9.18083C98.3133 9.09092 96.3709 8.88861 95.219 8.88861C94.3382 8.88861 94.022 9.02348 94.022 9.54049C94.022 9.87766 94.2704 10.0575 94.7222 10.3272L97.5228 11.9232C99.3975 13.0022 99.804 14.1711 99.804 15.3849Z" fill="#2F2F2F"/>
<path d="M105.72 4.16812C105.72 4.41539 105.517 4.61769 105.268 4.61769H102.332C102.084 4.61769 101.88 4.41539 101.88 4.16812V2.07762C101.88 1.83036 102.084 1.62805 102.332 1.62805H105.268C105.517 1.62805 105.72 1.83036 105.72 2.07762V4.16812ZM105.63 18.5094C105.63 18.7567 105.426 18.959 105.178 18.959H102.422C102.174 18.959 101.971 18.7567 101.971 18.5094V6.52837C101.971 6.2811 102.174 6.0788 102.422 6.0788H105.178C105.426 6.0788 105.63 6.2811 105.63 6.52837V18.5094Z" fill="#2F2F2F"/>
<path d="M115.365 8.34913C115.365 8.59639 115.162 8.7987 114.913 8.7987H111.819V15.4748C111.819 16.2616 112.18 16.3964 113.152 16.3964H114.846C115.139 16.3964 115.32 16.5313 115.32 16.7786V18.5094C115.32 18.7567 115.162 18.914 114.868 18.959C114.213 19.0714 113.129 19.1613 112.158 19.1613C109.628 19.1613 108.138 18.3745 108.138 15.4523V4.16812C108.138 3.92086 108.341 3.76351 108.589 3.71855L111.345 3.2465C111.367 3.2465 111.39 3.2465 111.413 3.2465C111.616 3.2465 111.819 3.47129 111.819 3.69607V6.0788H114.913C115.162 6.0788 115.365 6.2811 115.365 6.52837V8.34913Z" fill="#2F2F2F"/>
<path d="M127.999 13.1146C127.999 13.4517 127.818 13.6541 127.525 13.6541H120.32V13.699C120.32 14.9803 120.862 16.1492 122.646 16.1492C124.069 16.1492 126.079 16.0368 126.983 15.9469C127.005 15.9469 127.028 15.9469 127.05 15.9469C127.299 15.9469 127.48 16.0593 127.48 16.3065V18.0149C127.48 18.3745 127.389 18.5319 127.005 18.6218C125.56 18.9815 124.34 19.1613 122.375 19.1613C119.642 19.1613 116.706 17.7227 116.706 13.3843V11.8108C116.706 8.19178 118.829 5.89897 122.42 5.89897C126.124 5.89897 127.999 8.41656 127.999 11.8108V13.1146ZM124.43 11.4062V11.3163C124.43 9.65288 123.663 8.82117 122.398 8.82117C121.155 8.82117 120.32 9.67536 120.32 11.3163V11.4062H124.43Z" fill="#2F2F2F"/>
<path d="M30.4216 35.8261H26.0415V37.0356C26.0415 37.9427 26.1632 38.5474 26.4673 38.9707C26.7715 39.394 27.1974 39.5754 27.8057 39.5754C28.4141 39.5754 28.9007 39.3335 29.3874 38.9102C29.8133 38.4869 30.1783 37.8822 30.3608 37.1565H30.6041C30.4216 38.0031 30.0566 38.7288 29.5091 39.2126C28.9616 39.6964 28.2924 39.9383 27.4407 39.9383C26.3457 39.9383 25.4332 39.5754 24.7031 38.8498C23.9731 38.1241 23.6689 37.217 23.6689 36.1284C23.6689 35.1004 24.034 34.2538 24.7031 33.5281C25.3723 32.8024 26.224 32.4396 27.1974 32.4396C28.1099 32.4396 28.8399 32.7419 29.4482 33.4071C30.1174 34.0119 30.4216 34.798 30.4216 35.8261ZM28.1099 35.5842V34.3747C28.1099 33.7095 28.049 33.2257 27.8665 32.9838C27.684 32.8024 27.4407 32.6815 27.0757 32.6815C26.6498 32.6815 26.4065 32.8024 26.2848 33.0443C26.1023 33.2862 26.0415 33.77 26.0415 34.5561V35.5842H28.1099Z" fill="#2F2F2F"/>
<path d="M32.1242 28.6935H31.2117V28.3911H32.5501C32.9759 28.3911 33.3409 28.3911 33.6451 28.3307C33.8884 28.2702 34.1318 28.2702 34.3751 28.2097V39.4578H35.3485V39.6997H31.1509V39.4578H32.1242V28.6935Z" fill="#2F2F2F"/>
<path d="M35.835 39.6952V39.4533H37.1733V28.6891H35.835V28.3867H44.8385V31.4709H44.5952C44.4735 30.4428 44.1693 29.7171 43.6826 29.2938C43.196 28.8705 42.4051 28.6286 41.2493 28.6286H39.6675V33.5874H40.5801C41.1276 33.5874 41.5534 33.406 41.8576 33.0432C42.1618 32.6803 42.3443 32.1361 42.3443 31.4709V31.2894H42.5876V36.1878H42.3443V36.0668C42.3443 35.4016 42.2226 34.8574 41.9184 34.4341C41.5534 34.0712 41.1884 33.8898 40.6409 33.8898H39.7284V39.4533H41.3709C42.7093 39.4533 43.6218 39.2115 44.2302 38.6672C44.7777 38.1229 45.0818 37.2763 45.0818 36.0668H45.3252V39.6952H35.835Z" fill="#FF6600"/>
<path d="M52.9913 37.4604H53.2347C53.113 38.2466 52.748 38.8513 52.2613 39.2746C51.7746 39.6979 51.1055 39.8794 50.2538 39.8794C49.1588 39.8794 48.2462 39.5165 47.4554 38.7908C46.7254 38.0652 46.3604 37.2185 46.3604 36.1905C46.3604 35.6462 46.482 35.102 46.7254 34.6182C46.9687 34.1344 47.3337 33.7111 47.7596 33.2878C48.1246 32.9854 48.5504 32.7435 48.9762 32.5621C49.4021 32.3807 49.8888 32.3202 50.3146 32.3202C51.1663 32.3202 51.8355 32.5016 52.3222 32.8645C52.8088 33.2273 53.113 33.7111 53.113 34.2553C53.113 34.5577 52.9913 34.8601 52.8088 35.0415C52.6263 35.2229 52.383 35.3439 52.018 35.3439C51.653 35.3439 51.4096 35.2229 51.2271 35.0415C51.0446 34.8601 50.923 34.6182 50.923 34.2553C50.923 34.0134 51.0446 33.7716 51.2271 33.5297C51.4096 33.3482 51.5313 33.2273 51.5313 33.2273C51.5313 33.0459 51.4096 32.9249 51.2271 32.8645C50.9838 32.7435 50.7405 32.683 50.3754 32.683C49.7671 32.683 49.4021 32.8645 49.1587 33.2273C48.9154 33.5901 48.7937 34.2553 48.7937 35.2834V36.8557C48.7937 37.8837 48.9154 38.6094 49.1587 39.0327C49.4021 39.456 49.8888 39.6375 50.4971 39.6375C51.1055 39.6375 51.5921 39.456 52.0788 39.0327C52.5047 38.6699 52.8088 38.1256 52.9913 37.4604Z" fill="#FF6600"/>
<path d="M53.9653 36.1889C53.9653 35.7051 54.087 35.2213 54.2695 34.7376C54.452 34.2538 54.7562 33.8305 55.182 33.4676C55.547 33.1048 55.9729 32.8629 56.3987 32.6815C56.8246 32.5 57.3112 32.4396 57.7979 32.4396C58.2846 32.4396 58.7713 32.5 59.258 32.6815C59.6838 32.8629 60.1096 33.1048 60.4747 33.4676C60.9005 33.8305 61.2047 34.2538 61.3872 34.7376C61.5697 35.2213 61.6913 35.7051 61.6913 36.1889C61.6913 36.6727 61.5697 37.1565 61.3872 37.6403C61.2047 38.1241 60.9005 38.4869 60.4747 38.9102C60.1096 39.2731 59.6838 39.515 59.258 39.6964C58.8321 39.8778 58.3454 39.9383 57.8588 39.9383C56.7637 39.9383 55.8512 39.5754 55.1212 38.8498C54.3303 38.0636 53.9653 37.217 53.9653 36.1889ZM59.258 37.096V35.2213C59.258 34.1933 59.1363 33.5281 58.9538 33.1653C58.7104 32.8024 58.3454 32.6815 57.7979 32.6815C57.2504 32.6815 56.8854 32.8629 56.6421 33.1653C56.3987 33.5281 56.3379 34.1933 56.3379 35.2213V37.096C56.3379 38.1241 56.4596 38.7893 56.6421 39.1521C56.8854 39.515 57.2504 39.6359 57.7979 39.6359C58.3454 39.6359 58.7104 39.4545 58.9538 39.1521C59.1363 38.7893 59.258 38.1241 59.258 37.096Z" fill="#FF6600"/>
<path d="M65.462 39.4604H66.4354V39.7023H62.2378V39.4604H63.2111V32.8688H62.2378V32.6269H63.5762C64.002 32.6269 64.3062 32.6269 64.6103 32.5664C64.9145 32.506 65.1579 32.506 65.4012 32.385V33.9573C65.7054 33.4131 66.0704 33.0502 66.5571 32.8083C66.9829 32.5664 67.5304 32.385 68.0779 32.385C68.8079 32.385 69.3555 32.5664 69.7813 32.9293C70.2071 33.2921 70.3897 33.8364 70.3897 34.5016V39.4604H71.363V39.7023H67.2262V39.4604H68.1388V34.1992C68.1388 33.7154 68.0779 33.4131 67.9563 33.2316C67.8346 33.0502 67.5913 32.9897 67.2871 32.9897C66.8004 32.9897 66.3746 33.1712 66.0096 33.5945C65.6445 34.0178 65.5229 34.5621 65.5229 35.1668V39.4604H65.462Z" fill="#2F2F2F"/>
<path d="M71.9106 36.1889C71.9106 35.7051 72.0323 35.2213 72.2148 34.7376C72.3973 34.2538 72.7015 33.8305 73.1273 33.4676C73.4923 33.1048 73.9182 32.8629 74.344 32.6815C74.7699 32.5 75.2566 32.4396 75.7432 32.4396C76.2299 32.4396 76.7166 32.5 77.2033 32.6815C77.6291 32.8629 78.055 33.1048 78.42 33.4676C78.8458 33.8305 79.15 34.2538 79.3325 34.7376C79.515 35.2213 79.6367 35.7051 79.6367 36.1889C79.6367 36.6727 79.515 37.1565 79.3325 37.6403C79.15 38.1241 78.8458 38.4869 78.42 38.9102C78.055 39.2731 77.6291 39.515 77.2033 39.6964C76.7774 39.8778 76.2907 39.9383 75.8041 39.9383C74.709 39.9383 73.7965 39.5754 73.0665 38.8498C72.2757 38.0636 71.9106 37.217 71.9106 36.1889ZM77.2641 37.096V35.2213C77.2641 34.1933 77.1424 33.5281 76.9599 33.1653C76.7166 32.8024 76.3516 32.6815 75.8041 32.6815C75.2566 32.6815 74.8915 32.8629 74.6482 33.1653C74.4049 33.5281 74.344 34.1933 74.344 35.2213V37.096C74.344 38.1241 74.4657 38.7893 74.6482 39.1521C74.8915 39.515 75.2566 39.6359 75.8041 39.6359C76.3516 39.6359 76.7166 39.4545 76.9599 39.1521C77.1424 38.7893 77.2641 38.1241 77.2641 37.096Z" fill="#2F2F2F"/>
<path d="M89.9191 39.6979V39.456H90.8316V34.1949C90.8316 33.7111 90.7708 33.4087 90.6491 33.2273C90.5275 33.0459 90.2841 32.9854 89.9799 32.9854C89.4933 32.9854 89.0674 33.1668 88.7024 33.5901C88.3982 34.0134 88.2157 34.5577 88.2157 35.1624V39.456H89.1283V39.6979H85.0523V39.456H85.9648V34.1949C85.9648 33.7111 85.904 33.4087 85.7823 33.2273C85.6607 33.0459 85.4173 32.9854 85.1132 32.9854C84.6265 32.9854 84.2006 33.1668 83.8356 33.5901C83.5315 34.0134 83.349 34.5577 83.349 35.1624V39.456H84.2615V39.6979H80.1855V39.456H81.1589V32.8645H80.1855V32.6226H81.4631C81.8281 32.6226 82.1931 32.6226 82.4364 32.5621C82.7406 32.5016 82.9839 32.5016 83.2273 32.3807V33.953C83.5315 33.4087 83.8965 33.0459 84.3223 32.7435C84.7482 32.5016 85.2348 32.3202 85.7823 32.3202C86.3907 32.3202 86.8774 32.4411 87.3032 32.7435C87.7291 33.0459 87.9724 33.4087 88.0332 33.8925C88.3374 33.4087 88.7024 32.9854 89.1283 32.7435C89.5541 32.5016 90.0408 32.3202 90.5883 32.3202C91.3183 32.3202 91.8658 32.5016 92.2917 32.8645C92.7175 33.2273 92.9 33.7716 92.9 34.4368V39.3956H93.8125V39.6375H89.9191V39.6979Z" fill="#2F2F2F"/>
<path d="M95.4543 32.8662H94.481V32.6243H95.8193C96.1843 32.6243 96.5493 32.6243 96.8535 32.5638C97.1577 32.5033 97.4619 32.5033 97.7052 32.3824V39.4578H98.6786V39.6997H94.481V39.4578H95.4543V32.8662ZM95.3326 29.4797C95.3326 29.1168 95.4543 28.8145 95.6977 28.5726C95.941 28.3307 96.2452 28.2097 96.6102 28.2097C96.9752 28.2097 97.2794 28.3307 97.5227 28.5726C97.766 28.8145 97.8877 29.1168 97.8877 29.4192C97.8877 29.782 97.766 30.0844 97.5227 30.3263C97.2794 30.5682 96.9752 30.6891 96.6102 30.6891C96.2452 30.6891 95.941 30.5682 95.6977 30.3263C95.4543 30.1449 95.3326 29.8425 95.3326 29.4797Z" fill="#2F2F2F"/>
<path d="M99.5918 39.8837V37.2229H99.8351C100.2 38.0695 100.626 38.6742 101.052 39.0371C101.478 39.3999 102.025 39.6418 102.573 39.6418C102.999 39.6418 103.364 39.5209 103.668 39.279C103.911 39.0371 104.094 38.6742 104.094 38.2509C104.094 37.7067 103.546 37.3438 102.451 37.1624C102.208 37.1019 102.025 37.1019 101.904 37.1019C101.052 36.981 100.504 36.7391 100.139 36.3763C99.7743 36.0134 99.5918 35.5296 99.5918 34.9249C99.5918 34.1992 99.8351 33.5945 100.322 33.1107C100.808 32.6269 101.356 32.385 102.086 32.385C102.451 32.385 102.816 32.4455 103.181 32.5664C103.607 32.6874 103.789 32.7479 103.85 32.7479C103.972 32.7479 104.033 32.7478 104.094 32.6874C104.154 32.6269 104.215 32.5664 104.276 32.4455H104.58V34.7435H104.276C104.033 34.0783 103.729 33.534 103.364 33.1712C102.999 32.8083 102.512 32.6874 101.964 32.6874C101.539 32.6874 101.173 32.8083 100.93 33.0502C100.626 33.2921 100.504 33.5945 100.504 33.9573C100.504 34.1387 100.565 34.2597 100.626 34.3806C100.687 34.5016 100.808 34.6225 100.991 34.7435C101.174 34.8644 101.478 34.9249 101.964 34.9249C102.451 34.9854 102.877 35.0458 103.12 35.1063C103.789 35.2877 104.276 35.5296 104.58 35.832C104.884 36.1948 105.006 36.6786 105.006 37.2834C105.006 38.0695 104.763 38.7347 104.276 39.2185C103.789 39.7023 103.12 39.9442 102.329 39.9442C102.086 39.9442 101.721 39.8837 101.356 39.7628C100.93 39.6418 100.687 39.5813 100.504 39.5813C100.322 39.5813 100.139 39.5813 100.018 39.6418C99.896 39.7023 99.8351 39.7628 99.7743 39.9442H99.5918V39.8837Z" fill="#2F2F2F"/>
<path d="M105.736 32.6267C106.527 32.6267 107.135 32.3243 107.622 31.7801C108.109 31.1753 108.474 30.3892 108.595 29.3007H108.839V32.6267H110.36V32.8686H108.839V38.1902C108.839 38.5531 108.9 38.8555 108.96 39.0369C109.021 39.2183 109.204 39.2788 109.386 39.2788C109.569 39.2788 109.751 39.2183 109.873 39.0973C110.055 38.9764 110.177 38.795 110.299 38.6136L110.542 38.7345C110.36 39.0973 110.055 39.3997 109.69 39.5811C109.325 39.7626 108.9 39.8835 108.474 39.8835C107.805 39.8835 107.318 39.7021 107.014 39.3392C106.709 38.9764 106.588 38.3717 106.588 37.4646V32.8686H105.675V32.6267H105.736Z" fill="#2F2F2F"/>
<path d="M117.782 37.9486C117.782 38.3719 117.842 38.7347 117.903 38.8557C117.964 39.0371 118.086 39.0976 118.268 39.0976C118.39 39.0976 118.512 39.0371 118.633 38.9161C118.755 38.7952 118.816 38.6138 118.877 38.3114H119.12C119.059 38.7952 118.877 39.158 118.572 39.4604C118.268 39.7628 117.842 39.8837 117.417 39.8837C116.991 39.8837 116.626 39.8232 116.322 39.6418C116.078 39.4604 115.835 39.2185 115.713 38.7952C115.531 39.158 115.287 39.4604 114.983 39.6418C114.618 39.8232 114.253 39.9442 113.767 39.9442C112.793 39.9442 112.063 39.7628 111.576 39.3999C111.09 39.0371 110.786 38.5533 110.786 37.8881C110.786 37.1019 111.211 36.5577 112.002 36.1344C112.793 35.7715 114.01 35.5901 115.652 35.5901V34.5621C115.652 33.7759 115.531 33.2316 115.348 32.9897C115.105 32.7478 114.74 32.6269 114.071 32.6269C113.706 32.6269 113.402 32.6874 113.158 32.8083C112.915 32.9293 112.793 33.0502 112.793 33.1712C112.793 33.2316 112.854 33.2921 113.037 33.3526C113.158 33.4735 113.28 33.534 113.402 33.5945C113.462 33.655 113.523 33.7759 113.584 33.8364C113.645 33.9573 113.645 34.0783 113.645 34.1992C113.645 34.5016 113.584 34.683 113.402 34.8644C113.219 35.0458 112.976 35.1063 112.672 35.1063C112.307 35.1063 112.063 35.0458 111.881 34.8644C111.698 34.683 111.576 34.4411 111.576 34.1387C111.576 33.5945 111.82 33.1712 112.367 32.8688C112.915 32.5664 113.584 32.385 114.497 32.385C114.983 32.385 115.47 32.4455 115.835 32.506C116.261 32.6269 116.626 32.7478 116.93 32.9293C117.295 33.1107 117.477 33.3526 117.66 33.655C117.782 33.9573 117.842 34.3806 117.842 34.9249V37.9486H117.782ZM115.652 35.832H115.531C114.557 35.832 113.888 35.9529 113.584 36.1948C113.28 36.4367 113.097 36.9205 113.097 37.5857C113.097 38.2509 113.158 38.7952 113.341 39.0371C113.523 39.3394 113.827 39.4604 114.253 39.4604C114.74 39.4604 115.044 39.279 115.287 38.9766C115.531 38.6742 115.652 38.1905 115.652 37.5252V35.832Z" fill="#2F2F2F"/>
<path d="M119.484 39.2106C119.484 39.029 119.545 38.908 119.667 38.787C119.789 38.666 119.91 38.6055 120.093 38.6055C120.276 38.6055 120.397 38.666 120.519 38.787C120.641 38.908 120.702 39.029 120.702 39.2106C120.702 39.3921 120.641 39.5131 120.519 39.6341C120.397 39.7551 120.276 39.8156 120.093 39.8156C119.91 39.8156 119.789 39.7551 119.667 39.6341C119.545 39.5736 119.484 39.3921 119.484 39.2106Z" fill="#2F2F2F"/>
<path d="M124.777 37.8837H122.587V38.4884C122.587 38.9117 122.648 39.2746 122.769 39.456C122.891 39.6374 123.134 39.7584 123.438 39.7584C123.743 39.7584 123.986 39.6374 124.229 39.456C124.473 39.2141 124.594 38.9722 124.716 38.5489H124.838C124.777 38.9722 124.594 39.335 124.29 39.5769C123.986 39.8188 123.682 39.9398 123.256 39.9398C122.708 39.9398 122.283 39.7584 121.918 39.3955C121.553 39.0327 121.37 38.6094 121.37 38.0651C121.37 37.5813 121.553 37.0975 121.918 36.7347C122.283 36.3718 122.708 36.1904 123.195 36.1904C123.621 36.1904 124.047 36.3718 124.351 36.6742C124.655 36.9766 124.777 37.3999 124.777 37.8837ZM123.621 37.7627V37.158C123.621 36.7952 123.56 36.6137 123.499 36.4928C123.438 36.3718 123.317 36.3114 123.073 36.3114C122.891 36.3114 122.769 36.3718 122.708 36.4928C122.648 36.6137 122.587 36.8556 122.587 37.2185V37.7627H123.621Z" fill="#2F2F2F"/>
<path d="M125.324 39.9398V38.6094H125.445C125.628 39.0327 125.81 39.335 126.054 39.5165C126.297 39.6979 126.54 39.8188 126.784 39.8188C127.027 39.8188 127.209 39.7584 127.331 39.6374C127.453 39.5165 127.514 39.335 127.514 39.1536C127.514 38.8513 127.209 38.7303 126.662 38.6094C126.54 38.6094 126.479 38.5489 126.419 38.5489C125.993 38.4884 125.689 38.3675 125.506 38.1861C125.324 38.0046 125.263 37.7627 125.263 37.4604C125.263 37.0975 125.384 36.7952 125.628 36.5533C125.871 36.3114 126.175 36.1904 126.479 36.1904C126.662 36.1904 126.844 36.2509 127.027 36.3114C127.209 36.3718 127.331 36.4323 127.331 36.4323C127.392 36.4323 127.453 36.4323 127.453 36.3718C127.514 36.3718 127.514 36.3114 127.574 36.2509H127.696V37.3999H127.574C127.453 37.0371 127.331 36.7952 127.149 36.6137C126.966 36.4323 126.723 36.3718 126.419 36.3718C126.236 36.3718 126.054 36.4323 125.871 36.5533C125.749 36.6742 125.689 36.7952 125.689 36.9766C125.689 37.0371 125.689 37.158 125.749 37.2185C125.81 37.2789 125.871 37.3394 125.932 37.3999C125.993 37.4604 126.175 37.4604 126.419 37.5208C126.662 37.5208 126.844 37.5813 127.027 37.5813C127.392 37.6418 127.635 37.7627 127.757 37.9442C127.879 38.1256 128 38.3675 128 38.6698C128 39.0932 127.879 39.3955 127.635 39.6374C127.392 39.8793 127.088 40.0003 126.662 40.0003C126.54 40.0003 126.358 39.9398 126.175 39.8793C125.993 39.8188 125.81 39.7584 125.749 39.7584C125.628 39.7584 125.567 39.7584 125.506 39.8188C125.445 39.8188 125.384 39.8793 125.384 39.9398H125.324Z" fill="#2F2F2F"/>
</svg>
